[816, 211, 1051, 1026, 45, 898, 750, 1158, 468, 608, 1258, 580, 1276, 756, 294, 1010, 580, 294, 1022, 567, 658, 922, 826, 946, 426, 1165, 181, 702, 788, 228, 928, 294, 429, 1171, 1208, 1199, 1255, 235, 908, 84, 600, 426, 699, 511, 750, 1158, 750, 468, 959, 552, 548, 1246, 465, 956, 608, 1158, 1158, 20, 816, 758]
[328, 1022, 1183, 790, 591, 6, 659, 1313, 426, 911, 244, 1270, 750, 241, 41, 1331, 294, 1219, 133, 638, 638, 307, 958, 598, 804]
[548, 1276, 1276, 227, 1238, 765, 699, 948, 1246, 1304, 1276, 893, 1010, 123, 123, 426, 1123, 422, 553, 211, 706, 244, 1003, 494, 837, 1363]
[120, 101, 1197, 1398, 697, 294, 150, 1398, 1251, 1234, 1342, 50, 687, 1048, 994, 426, 632, 1241, 1132, 633, 247, 504, 240, 1040, 1033, 236, 831, 517, 237, 1410, 176, 754, 345]
[1033, 236, 1003, 692, 1250, 697, 1351, 924, 561, 1197, 426, 1115, 1294, 590, 2, 18, 1311, 761, 60, 141, 1090]
[500, 645, 1175, 48, 697, 95, 986, 847, 1383, 599, 426, 592, 751, 1007, 909, 1062, 247, 1048, 694, 713, 1217, 570, 48]
[1389, 566, 888, 145, 412, 555, 1109, 304, 634, 210, 1033, 1152, 1058, 487, 122, 570, 697, 600]
[1389, 1034, 1090, 504, 1234, 480, 1242, 818, 1336, 819, 112, 893, 756, 445, 123, 765, 971, 1379, 703, 922, 210, 1337, 46, 244, 1011, 116, 1142]
[304, 634, 1104, 1242, 724, 453, 401, 403, 948, 460, 426, 1033, 236, 876, 552, 1070, 1187, 842, 750, 63, 904]
[606, 1079, 504, 819, 1276, 434, 445, 328, 1022, 1010, 123, 123, 1318, 1022, 1035, 557, 426, 1393, 1191, 85, 25, 1255, 302, 956, 697, 934, 979, 992, 1134, 210, 1337]
[1398, 922, 1342, 619, 516, 876, 540, 699, 948, 1193, 88, 1287, 924, 328, 1022]
[433, 725, 697, 711, 1033, 328, 779, 702, 555, 75, 1189, 426, 726, 266, 519, 1039, 711, 1402, 357, 750, 344, 890, 83]
[937, 960, 731, 687, 1183, 790, 232, 1022, 426, 219, 1104, 1234, 863, 1407, 304, 634, 876, 1082, 468, 750, 1158, 535, 392, 1404, 152, 218, 363, 112, 216, 381]
[433, 1121, 405, 1331, 266, 1183, 790, 374, 219, 947, 119, 1379, 1304, 130, 1388, 765, 426, 514, 904, 1170, 120, 101, 756, 1169, 1309, 1185, 224, 1182, 531, 369, 122]
[19, 217, 504, 1389, 1034, 1090, 300, 758, 792, 84, 1188, 72, 1010, 1105, 1327, 426, 149, 1272, 304, 634, 468, 1158, 700, 91, 138, 198, 531, 407]
[1037, 1040, 50, 1300, 697, 282, 419, 426, 855, 626, 1010, 971, 756, 765, 434, 224, 1276, 130, 853, 49, 468, 1158, 294, 1210, 700, 91, 699, 263, 1089, 385, 1054, 708, 884]
[1115, 881, 62, 580, 1238, 1157, 1309, 434, 1080, 657, 756, 765, 1388, 1238, 368, 697, 788, 134, 697, 175, 294, 697, 986, 1163, 622, 455, 200, 232, 319, 260]
[520, 1284, 750, 398, 803, 468, 608, 328, 1022, 2, 1253, 716, 1303, 356, 1317, 750, 384, 57, 84]
[816, 433, 1170, 901, 1010, 548, 1071, 133, 1190, 13, 426, 1342, 1256, 516, 695, 430, 257, 890, 263]
[391, 39, 697, 679, 696, 743, 150, 949, 849, 1194, 426, 1243, 959, 687, 273, 27, 319, 1242, 50, 583, 344, 680, 1158, 1158, 1158, 734, 83]
[960, 516, 36, 566, 94, 393, 1255, 524, 524, 948, 1139, 555, 1039, 191, 898, 754, 345]
[302, 956, 697, 699, 48, 1242, 899, 979, 536, 795, 426, 1243, 959, 101, 273, 311, 1082, 1242, 1287, 948, 880]
[1389, 1034, 1090, 570, 992, 508, 1276, 1304, 1238, 765, 300, 1032, 67, 965, 426, 1279, 1043, 1105, 765, 368, 1238, 819, 765, 434, 1388, 765, 706, 578, 200, 225]
[1212, 5, 1003, 936, 1366, 1383, 599, 1219, 145, 426, 1033, 236, 936, 1134, 658, 1195, 583, 149, 1311, 819, 1246, 1105, 2, 18, 497, 549]
[124, 765, 411, 493, 57, 598, 1174, 210, 832, 371, 44, 682, 240, 247, 1051, 552, 511, 1252]
[18, 629, 504, 1389, 1034, 1090, 173, 470, 1327, 1105, 207, 827, 408, 1193, 71, 426, 300, 758, 792, 84, 45, 898, 430, 955, 14, 771]
[391, 39, 1051, 570, 299, 290, 753, 426, 548, 765, 368, 130, 893, 819, 118, 235, 908, 328, 992, 240, 839, 44, 1164, 958, 580, 124, 1010, 271, 937]
[365, 1251, 1115, 1036, 804, 115, 716, 57, 468, 1317, 356, 734, 658, 426, 1014, 57, 84, 1173, 453, 750, 1158, 384]
[149, 245, 1051, 552, 522, 570, 684, 740, 1033, 157]
[881, 663, 945, 84, 736, 1165, 581, 864, 1020, 331, 1286, 783, 1121, 1235, 997, 1166, 1033, 383, 136]
[619, 516, 1189, 1197, 864, 1386, 78, 245, 564, 1220, 842, 1000, 818, 254, 366, 968, 1109, 703, 468, 1158, 449]
[236, 697, 788, 134, 600, 562, 1121, 845, 703, 1010, 1381, 912, 319, 426, 1396, 657, 468, 1158, 890, 619, 83]
[259, 464, 1173, 884, 1246, 1309, 1238, 7, 368, 893, 1105, 1276, 1304, 1388, 1388, 765, 565, 565, 1342, 124, 368, 224, 765, 1075, 1276, 1276, 660, 475, 1209, 177, 478, 947, 975, 711]
[619, 516, 696, 1173, 884, 508, 1276, 765, 893, 112, 1309, 411, 765, 434, 1096, 1330, 1251, 1198, 1231, 1202, 942, 259, 1090, 683, 273, 586, 1037, 496, 826, 1354]
[168, 987, 294, 911, 244, 917, 9, 426, 1372, 298, 1091, 1003, 244, 1242, 1104, 147, 21, 535, 1309, 660, 765, 1219, 468, 1317, 1210, 63, 890, 619, 83]
[549, 553, 433, 317, 936, 1234, 958, 356, 398, 827, 408, 328, 1022, 294, 517, 381, 1048, 694]
[1010, 756, 1409, 756, 776, 992, 1016, 386, 426, 1309, 465, 1182, 1276, 434, 765, 893, 1210, 1115, 371, 44, 750, 118, 816, 948, 880]
[1351, 569, 179, 741, 948, 188, 426, 619, 83, 128, 816, 758, 98, 523, 468, 1158, 1158, 1033, 826]
[520, 1284, 697, 679, 328, 1022, 300, 1032, 430, 741, 1389, 1034, 1090, 426, 1404, 1003, 1088, 1406]
[1389, 1034, 1090, 48, 77, 1220, 731, 894, 1105, 515, 1120, 465, 130, 1276, 1157, 765, 224, 1185, 893, 1010, 1238, 1238, 1276, 445]
[984, 1034, 504, 750, 1158, 750, 468, 959, 853, 49, 980, 134, 837, 1363, 699, 304, 702, 228, 134]
[19, 217, 504, 894, 765, 1238, 1276, 411, 445, 434, 765, 922, 848, 444, 335, 552, 1255, 984, 1034, 828, 1180, 242, 658, 1227, 11, 1123, 339]
[984, 1034, 294, 335, 552, 468, 1317, 63, 890, 619, 83, 9, 319, 894, 765, 1238, 1276, 411, 445, 434, 765, 426, 81, 702, 228, 728, 170, 1274, 1189]
[1389, 1034, 1090, 294, 1010, 1105, 1327, 1033, 457, 986, 426, 1219, 1029, 949, 792, 84, 1010, 1105, 1327, 328, 1022, 300, 1032]
[1309, 465, 1182, 1276, 434, 765, 727, 439, 1114, 720, 487, 23, 1033, 426, 50, 708, 370, 1285, 455, 200, 182, 899, 265, 1217]
[370, 1285, 1080, 792, 580, 112, 1327, 703, 922, 1267, 147, 726, 266, 453, 789, 899, 979, 876, 488]
[338, 799, 75, 232, 1022, 808, 393, 426, 1048, 694, 1175, 48, 348, 1222, 742, 110, 656, 789, 691, 232, 147, 67, 780]
[1379, 1276, 227, 434, 1309, 1185, 1309, 542, 765, 819, 224, 368, 1238, 765, 975, 570, 1267, 147, 1017, 624, 110, 281, 333, 739, 1407, 1287]
[1017, 624, 837, 1363, 1242, 1104, 504, 135, 130, 1075, 1309, 1185, 765, 130, 368, 480, 1267, 147, 726, 266, 883, 979, 842, 240, 1222, 1342, 1017, 624, 1054, 962]
[1267, 147, 771, 1363, 822, 372, 1406, 730, 426, 1052, 1313, 575, 440, 444, 225]
[1246, 368, 130, 660, 1185, 130, 368, 224, 765, 75, 1189, 1386, 304, 169, 1083, 708, 884, 426, 1258, 658, 979, 1047, 1302, 708, 884, 922, 1006, 783]
[956, 619, 1281, 462, 304, 634, 1033, 1318, 1022, 426, 1055, 1016, 1281, 462, 294, 836, 1139, 147, 21, 580, 756, 708, 884, 276, 166, 482, 943]
[756, 1276, 445, 1276, 1185, 368, 570, 48, 658, 84, 235, 908, 426, 703, 816, 211, 138, 1109, 147, 430, 174, 952, 1233]
[370, 1285, 294, 391, 39, 371, 44, 818, 831, 12, 1410, 122, 1140, 369, 240, 804]
[1124, 889, 1033, 236, 1195, 142, 49, 816, 211, 232, 1287, 874, 519, 1088, 1303, 426, 893, 280, 1297, 947, 1123, 266, 338, 1010, 123, 123, 950, 1328, 646, 265]
[724, 278, 1416, 1151, 1242, 1104, 504, 626, 1309, 1254, 1304, 1309, 411, 1079, 570, 724, 278, 1416, 1151, 1279, 1221, 708, 884]
[911, 244, 1255, 1379, 1327, 1379, 799, 1382, 426, 1242, 947, 119, 543, 839, 422, 523, 731, 687, 46, 520, 1048, 694, 818, 293, 543, 260, 61]
[663, 812, 1139, 788, 837, 1363, 348, 14, 1033, 1095, 426, 1069, 232, 1022, 1255, 487, 23, 1390, 439]
[236, 468, 1158, 44, 265, 651, 759, 880, 134, 1342, 356, 1326, 47, 1048, 222, 677, 426, 138, 1109, 232, 999, 1295, 620, 1391, 841, 219, 818, 1093, 997, 134, 1048, 694]
[619, 516, 1033, 174, 836, 1139, 726, 160, 597, 1030, 1366, 426, 225, 1088, 265, 580, 112, 1327, 893, 38, 368, 1185, 1388, 1276, 434]
[1379, 1182, 765, 1309, 1238, 893, 38, 1276, 130, 1238, 411, 1169, 1309, 411, 765, 1173, 716, 504, 424, 677, 147, 728, 170, 1104, 1242, 876, 827, 966, 502, 995, 1001, 348, 14]
[1104, 147, 609, 1121, 25, 82, 426, 986, 847, 1348, 409, 1255, 703, 745, 847, 1264, 922, 432, 1277, 612, 53]
[697, 788, 1401, 878, 134, 487, 1408, 1033, 236, 426, 619, 516, 670, 1088, 528, 741]
[118, 1246, 330, 1372, 1242, 1104, 504, 124, 1276, 130, 7, 1238, 368, 1075, 1388, 1039, 979, 263, 941, 1170, 330, 1372, 728, 170, 426, 703, 1287, 1179, 688, 186]
[1310, 802, 1139, 788, 604, 238, 964, 726, 38, 1309, 434, 468, 1158, 426, 543, 798, 74, 557, 49, 1010, 434, 411, 130, 1276, 1309, 411, 459, 1296]
[1386, 833, 1201, 1033, 580, 1276, 756, 1386, 304, 728, 170, 1081, 1282, 1133, 388]
[304, 1003, 1189, 1091, 792, 74, 807, 426, 1040, 687, 1251, 728, 283, 1358, 922, 424, 677, 232, 867, 257, 826, 946]
[75, 1189, 232, 47, 859, 1295, 1170, 457, 641, 960, 1170, 426, 1033, 236, 972, 1346, 304, 634, 697, 232, 1033, 516]
[619, 910, 1344, 842, 71, 1088, 520, 19, 426, 1242, 1104, 1267, 147, 726, 233, 1097, 467, 552, 200, 49, 713, 1217]
[816, 71, 95, 907, 557, 1329, 426, 104, 553, 555, 294, 697, 232, 1255, 429, 1171, 904, 1358, 703, 150]
[693, 568, 504, 235, 908, 174, 328, 1022, 127, 750, 959, 1132, 1284, 804, 426, 765, 1327, 1379, 465, 455, 200, 232, 997, 909, 789]
[580, 855, 547, 1010, 648, 894, 1105, 827, 914, 1313, 1172, 424, 677, 979, 625]
[819, 1276, 434, 445, 697, 175, 164, 147, 964, 667, 766, 337, 1051, 337, 1200, 1248, 948, 677]
[283, 1358, 865, 77, 504, 1256, 516, 294, 1033, 236, 453, 789, 1279, 1221, 471, 1000, 917, 1222, 155, 516]
[1208, 1199, 837, 1363, 1242, 1104, 504, 1010, 224, 224, 1276, 1238, 368, 411, 765, 114, 455, 1267, 147, 57, 84, 1208, 1199, 233, 23, 995, 1348, 837, 1363]
[708, 1250, 1311, 330, 1052, 91, 363, 112, 455, 200, 182, 426, 1220, 658, 1022, 294, 3, 837, 567, 393, 61, 1113, 387, 701, 454]
[1104, 1242, 947, 119, 818, 1004, 202, 1390, 663, 40, 1104]
[370, 1285, 117, 840, 363, 1010, 363, 1246, 893, 124, 1238, 368, 1388, 1182, 300, 1032, 426, 480, 819, 819, 1246, 294, 765, 1327, 1327, 1379, 348, 14, 444, 717]
[855, 368, 7, 368, 756, 765, 224, 1182, 786, 885, 568, 884, 973, 725, 658, 9, 1311, 1251, 728, 1407, 147]
[457, 1101, 1375, 1033, 191, 1242, 683, 731, 426, 236, 816, 364, 136, 766, 37, 116, 766, 37]
[937, 1022, 601, 154, 568, 874, 893, 124, 368, 224, 765, 1075, 1276, 1276, 660, 348, 1300, 206, 339, 200]
[1033, 236, 516, 1313, 247, 503, 61, 504, 240, 1051, 1025, 247, 503, 193, 80, 749, 846, 426, 1021, 875, 956, 658, 1195, 583, 63, 63, 1158, 890, 83]
[1033, 236, 1104, 9, 262, 874, 811, 1129, 69, 426, 1242, 1104, 947, 119, 262, 319, 953, 552, 1095, 1404]
[750, 1158, 750, 1158, 959, 1010, 123, 123, 893, 819, 1185, 1276, 130, 765, 167, 972, 1010, 123, 123, 453, 1234, 523, 63, 1158, 1158, 734, 1082]
[95, 952, 598, 501, 1188, 754, 1242, 1251, 728, 426, 240, 904, 1170, 1051, 1025, 247, 503, 1113, 1035]
[521, 516, 870, 1183, 147, 283, 196, 316, 907, 585, 429, 304, 426, 566, 888, 200, 1057, 1242, 703, 150, 788, 122, 1217, 503]
[391, 39, 922, 975, 570, 1242, 766, 792, 328, 1022, 426, 730, 262, 371, 1204, 1242, 728, 170]
[750, 1158, 468, 608, 959, 1307, 347, 1386, 304, 1033, 743, 426, 279, 1001, 992, 1103, 609, 848, 480, 1010, 756, 1327, 1228, 483]
[406, 982, 514, 1291, 500, 799, 326, 388, 552, 426, 348, 1234, 910, 1344, 319, 503, 18, 452, 255, 32, 685, 295, 998]
[313, 1342, 178, 827, 706, 1113, 1035, 426, 391, 39, 101, 273, 959, 1234, 149, 832, 266, 380, 1401, 282]
[712, 697, 175, 728, 170, 283, 958, 703, 456, 426, 697, 788, 1401, 878, 134, 842, 71, 240, 804]
[370, 1285, 1242, 1287, 570, 992, 1342, 298, 426, 1068, 774, 365, 1059, 8, 286, 1378, 657, 826, 99]
[750, 398, 803, 468, 608, 304, 634, 842, 750, 1158, 1033, 273, 479, 979, 455, 200, 232, 222, 677, 1417, 241, 1095, 1210, 384, 426, 608, 1313, 147, 21, 703, 150, 323, 552, 1404, 958, 468, 1158, 384]
[304, 634, 894, 1105, 691, 1010, 1105, 1407, 147, 41, 1331, 426, 722, 1248, 750, 1158, 750, 1158, 959, 240, 956, 468, 680, 608, 750, 1158, 890, 619, 83]
[570, 48, 883, 220, 1010, 1327, 135, 626, 547, 1246, 216, 381, 426, 1259, 15, 96, 504, 749, 1200, 624, 200, 225, 1255, 319, 1284, 818, 1188, 754]
[756, 1309, 7, 893, 1379, 1276, 1276, 660, 1051, 1330, 1033, 236, 504, 1234, 1342, 1033, 236, 1402, 1039, 433, 725, 876, 1241, 1079, 570, 960, 1264]
[225, 131, 1088, 985, 426, 1033, 1039, 263, 1099, 643, 50, 960, 1104, 1242, 582, 1320, 266, 295]
[50, 1160, 965, 883, 220, 135, 626, 547, 1246, 516, 1313, 1282, 426, 207, 25, 788, 161, 890, 9, 319]
[750, 1158, 468, 608, 959, 101, 273, 200, 225, 762, 372, 567, 1383, 599, 531, 369, 426, 799, 570, 1251, 1255, 48, 244, 92, 903, 774]
[370, 1285, 1051, 1095, 697, 711, 595, 741, 792, 1221, 837, 1363, 516, 1313]
[1242, 770, 799, 328, 1386, 833, 760, 897, 580, 1276, 756, 232, 1022, 426, 1007, 909, 84, 768, 917, 205, 210, 1222, 570, 353]
[692, 235, 1171, 958, 1372, 552, 1327, 368, 1182, 368, 130, 368, 1388, 1182, 1185, 130, 368, 1242, 600, 824, 426, 101, 273, 959, 975, 879, 41, 333]
[1105, 1304, 224, 660, 1304, 1388, 261, 452, 112, 130, 1276, 224, 368, 411, 765, 561, 906, 567, 760, 897, 1267, 147, 1048, 694, 426, 1007, 909, 38, 368, 542, 765, 893, 750, 986, 847, 1383, 599, 479, 1311, 235, 908, 47, 1048]
[1258, 152, 330, 1328, 1383, 1258, 1250, 883, 535, 1276, 1238, 1276, 626, 765, 434, 1388, 975, 570, 1328, 225, 883, 979]
[1052, 91, 1108, 253, 363, 124, 1379, 728, 170, 426, 1327, 1309, 893, 465, 368, 445, 1139, 788, 1279, 1221, 568, 780, 271, 937]
[524, 524, 948, 1139, 1331, 266, 1336, 1075, 765, 130, 893, 1379, 1182, 1309, 434, 368, 426, 1033, 236, 647, 868, 243, 1022, 826, 200, 1088, 743, 777, 1311, 606, 1111]
[391, 39, 210, 1242, 517, 381, 697, 1181, 294, 235, 908, 328, 630, 426, 371, 44, 580, 124, 1010, 48, 842, 271, 937]
[910, 1344, 2, 94, 77, 1279, 500, 883, 220, 1010, 1327, 135, 626, 547, 1246, 426, 1234, 965, 703, 1407, 147, 766, 612, 529, 516, 1244, 1282]
[508, 765, 130, 765, 7, 445, 893, 1379, 1276, 130, 1075, 445, 434, 958, 929, 1102, 49, 397, 453, 1195, 841, 1103, 66, 1258, 233, 84, 709, 709, 399, 1033, 789]
[1372, 552, 1173, 372, 192, 376, 1342, 750, 959, 194, 986, 847, 516, 194, 448, 284, 1356, 749, 1348, 409]
[952, 782, 987, 1058, 947, 325, 658, 57, 500, 645, 291, 932, 1258, 269, 1145, 1085, 997, 1245, 1367]
[361, 4, 437, 1405, 310, 736, 1165, 766, 1298, 922, 185, 1192, 732, 864, 740, 1405, 150, 158, 993]
[881, 663, 1280, 354, 1242, 1025, 538, 436, 763, 1268, 1064, 468, 1158, 959, 543, 804, 310, 1116]
[508, 1276, 765, 893, 112, 1309, 411, 765, 434, 437, 571, 1347, 245, 276, 1313, 922, 644, 25, 86, 1225, 488]
[816, 211, 100, 1159, 1240, 436, 948, 1086, 1200, 191, 1065, 783, 927, 780]
[1389, 1034, 1090, 1010, 1185, 1276, 7, 300, 1032, 122, 1041, 970, 507, 1051, 265, 426, 999, 1295, 338, 799, 75, 1255, 894, 1105]
[929, 1102, 824, 396, 608, 959, 1217, 876, 24, 101, 1380, 426, 1108, 532, 21, 467, 552, 704, 306, 442, 396, 1088, 179]
[1239, 1115, 703, 433, 812, 876, 1313, 114, 455, 370, 1285, 837, 1363, 792, 1221, 147, 1363, 697, 711, 147, 21]
[548, 1276, 1276, 227, 1238, 765, 893, 124, 1309, 1075, 765, 130, 1234, 410, 543, 731, 964, 922, 1220, 731]
[1033, 236, 566, 888, 1115, 1088, 528, 741, 38, 1309, 434, 468, 1158, 426, 1250, 883, 1033, 236, 754, 319, 947, 119, 92, 953, 1407]
[1330, 816, 870, 1001, 1129, 825, 101, 97, 426, 870, 834, 462, 824, 1035, 1385, 1095]
[1115, 819, 434, 368, 123, 224, 1182, 368, 1185, 1331, 266, 1139, 788, 1008, 1057, 947, 119, 894, 1304, 130, 1075]
[756, 1276, 1304, 224, 1182, 893, 756, 368, 1309, 1169, 368, 434, 48, 775, 750, 356, 816, 1020, 694, 426, 1242, 174, 454, 77, 728, 170, 515, 355, 1350, 813]
[626, 1309, 434, 765, 687, 1048, 966, 44, 426, 1222, 1380, 774, 437, 275]
[370, 1285, 1242, 766, 792, 1309, 465, 1182, 1276, 434, 765, 1115, 1279, 1043, 832, 678, 728, 170, 426, 122, 865, 869, 126, 49, 328]
[939, 72, 115, 471, 858, 1115, 884, 697, 711, 426, 149, 904, 1196, 822, 75, 1189, 1003, 244, 1010, 123, 123]
[370, 1285, 1053, 134, 1033, 1234, 1115, 1002, 621, 426, 430, 191, 124, 368, 130, 368, 411, 368, 445, 893, 124, 1304, 1185, 1304, 130, 765]
[1250, 883, 1255, 1327, 580, 756, 699, 1132, 1284, 1192, 828, 426, 1176, 872, 703, 922, 235, 908, 174, 328, 1022, 1336, 580]
[547, 1238, 1276, 434, 893, 1327, 1304, 1388, 660, 1051, 570, 877, 1400, 426, 38, 819, 508, 1228, 621, 504, 756, 765, 1388, 1238, 368, 1332, 859, 1315, 956, 1088, 571]
[535, 1327, 1246, 905, 1217, 1249, 930, 33, 842, 334, 1139, 150, 426, 122, 699, 549, 553, 433, 1287, 924, 970, 507, 1051, 265]
[37, 141, 1376, 1033, 323, 149, 796, 370, 1285, 761, 1247, 1072, 63, 703]
[302, 956, 697, 114, 561, 124, 1379, 1379, 343, 53, 1016, 386, 426, 792, 84, 363, 765, 671, 1304, 1388, 958, 468, 468, 44, 842, 1348, 189]
[302, 492, 632, 1241, 1132, 397, 1398, 504, 166, 147, 1363, 1234, 479, 1311, 235, 799, 75, 426, 1104, 1109, 1242, 232, 1022]
[750, 1158, 468, 1210, 959, 1309, 465, 1182, 1276, 434, 765, 744, 1153, 959, 1242, 1287, 893, 273, 479, 979, 455, 200, 182, 50, 600, 1037, 431, 1342, 328, 426, 426, 135, 626, 547, 1246, 844, 788, 580, 1379, 294, 1269, 853, 997, 1054, 962, 294, 850, 1054, 248, 1014, 543, 766, 1086, 1140, 295]
[508, 1246, 580, 1277, 14, 1284, 1043, 426, 1070, 1311, 1068, 661, 766, 191, 762, 360]
[363, 1010, 363, 1246, 893, 124, 1238, 368, 1388, 1182, 969, 1033, 425, 41, 760, 1336, 124, 819, 232, 1022, 426, 768, 388, 580, 1379, 1275, 327, 531, 407, 157, 874]
[816, 600, 1007, 996, 816, 758, 426, 771, 501, 1178, 1035, 701, 964, 1258, 468, 1158, 1158, 816, 758, 722, 875]
[283, 1358, 865, 77, 504, 1372, 552, 273, 453, 692, 543, 1313, 575, 641, 960, 969, 1033, 47, 1048]
[866, 1242, 1309, 465, 1182, 1276, 434, 765, 479, 1311, 135, 626, 547, 1246, 454, 77, 567, 703, 443, 426, 391, 1033, 191, 731, 975, 422]
[338, 799, 75, 614, 593, 153, 570, 48, 1144, 153, 589, 475, 934, 754, 426, 1404, 1003, 699, 948, 750, 63, 1204, 200, 225]
[361, 464, 991, 1220, 731, 678, 697, 728, 170, 298, 1234, 352, 312, 626, 765, 368, 130, 1342, 304, 634, 687, 1189]
[168, 1376, 530, 1200, 703, 61, 426, 816, 216, 381, 147, 11, 843, 657, 121, 907, 713, 656]
[339, 200, 374, 743, 343, 1170, 1122, 435, 426, 816, 211, 1404, 27, 373, 1216, 1168, 1387, 1123, 822]
[370, 1285, 1088, 1051, 916, 426, 319, 720, 960, 1264, 3, 837, 567, 455, 880, 1115, 606, 934]
[594, 823, 652, 630, 1407, 147, 1258, 1250, 174, 1022, 305, 84, 862, 647, 108, 922, 257]
[302, 956, 697, 1092, 1235, 1017, 1368, 328, 426, 302, 956, 697, 422, 769, 1005, 1123, 798, 242]
[433, 1121, 405, 465, 130, 1309, 7, 765, 893, 1010, 1309, 130, 1071, 585, 880, 1022, 876, 552, 271, 937, 426, 1201, 1033, 462, 960, 338, 1305, 477, 865]
[471, 1090, 797, 1085, 925, 1392, 822, 1405, 1106, 426, 1207, 1248, 904, 1177, 921, 1188, 1151, 259, 221, 1034]
[1033, 236, 725, 673, 247, 1407, 147, 827, 934, 426, 67, 965, 1386, 604, 874, 811, 92, 74, 518]
[756, 765, 1388, 1238, 368, 1331, 266, 819, 1276, 1238, 368, 130, 1379, 1309, 1185, 445, 240, 839, 998, 1217, 861, 1113, 426, 670, 240, 247, 339, 1141, 239, 18, 1264]
[619, 312, 403, 626, 368, 893, 508, 1276, 1238, 1238, 368, 1272, 694, 210, 1242, 1272, 345, 426, 1288, 948, 1242, 910, 1344, 1213, 952]
[548, 368, 1238, 368, 671, 445, 893, 363, 1276, 1185, 765, 893, 1210, 1201, 1033, 702, 1313, 424, 965, 53, 455, 200, 426, 1115, 1342, 236, 699, 608, 548, 112, 477, 211]
[1404, 1003, 338, 799, 75, 1071, 133, 453, 863, 922, 304, 634, 1140, 210]
[391, 39, 881, 62, 166, 906, 1242, 418, 520, 2, 669, 167, 426, 548, 368, 1238, 368, 671, 445, 893, 363, 1276, 1185, 765, 893, 1210, 697, 711, 232, 210, 311, 193, 80, 750, 356, 1158, 619, 83]
[1007, 1295, 1372, 552, 1048, 694, 570, 48, 710, 122, 426, 1404, 1003, 1300, 206, 393, 61, 338, 799, 75]
[1404, 1003, 1255, 626, 765, 368, 130, 815, 4, 426, 240, 839, 699, 808, 697, 788, 134, 1220, 731, 678, 697, 728, 170]
[124, 368, 224, 765, 1075, 1276, 1276, 660, 1088, 735, 11, 374, 219, 75, 509, 426, 277, 11, 899, 979, 975, 570, 232]
[508, 1246, 580, 655, 552, 938, 1296, 370, 1285, 426, 479, 867, 1220, 983, 956, 703, 910, 41, 1332, 859]
[548, 368, 1238, 368, 671, 445, 893, 363, 1276, 1185, 765, 893, 1210, 856, 1395, 1416, 1151, 149, 500, 426, 876, 959, 222, 677, 543, 839, 523, 161, 734, 1279]
[304, 634, 1312, 1170, 1073, 720, 1407, 863, 750, 1158, 750, 63, 959, 1020, 539, 426, 348, 614, 1051, 1025, 247, 503, 195, 193, 455, 348, 749, 846]
[1007, 1295, 1033, 236, 1129, 825, 21, 76, 909, 816, 138, 232, 1287, 426, 433, 1121, 405, 816, 211, 699, 948, 960, 343, 477, 75, 509]
[816, 211, 216, 381, 164, 147, 792, 992, 508, 1246, 580, 348, 272, 1296, 580, 363, 1379, 508, 827, 555]
[816, 1407, 948, 677, 134, 225, 697, 175, 164, 147, 6, 570, 1033, 487, 58]
[548, 368, 1238, 368, 671, 445, 893, 363, 1276, 1185, 765, 893, 1210, 856, 1395, 1416, 1151, 200, 225, 426, 1234, 1201, 691, 881, 62, 1284, 912, 685]
[55, 576, 1255, 910, 1344, 609, 1239, 1392, 426, 233, 500, 814, 1152, 1258, 45, 1386, 304]
[592, 177, 703, 304, 634, 876, 441, 465, 1276, 660, 765, 7, 1276, 434, 548, 135, 516, 1313]
[95, 1119, 974, 294, 668, 1363, 1404, 294, 247, 503, 749, 426, 304, 634, 910, 1344, 216, 807, 845, 619, 487, 1055]
[1379, 819, 547, 1327, 480, 594, 823, 410, 652, 630, 1250, 174, 84, 862, 430, 174, 1248, 1404, 976, 1250, 1251, 728]
[799, 10, 328, 1022, 1287, 924, 842, 1070, 816, 211, 426, 1332, 859, 499, 1070, 842, 849, 403]
[1256, 516, 647, 423, 792, 576, 1404, 426, 474, 247, 566, 45, 216, 807, 476, 191]
[124, 112, 713, 1217, 1140, 284, 1361, 504, 1010, 130, 765, 368, 893, 356, 1158, 356, 899, 979, 936, 625, 1341]
[370, 1285, 263, 356, 398, 1088, 1322, 426, 455, 200, 182, 256, 1150, 1248, 1322, 959, 1309, 465, 1182, 1276, 434, 765, 906, 1022, 811]
[756, 1182, 130, 765, 368, 411, 893, 548, 130, 1276, 1304, 123, 1255, 135, 1379, 124, 1188, 72]
[766, 915, 124, 368, 224, 765, 1075, 1276, 1276, 660, 893, 1010, 130, 765, 368, 893, 356, 1158, 356]
[881, 62, 328, 1022, 948, 846, 1417, 1011, 356, 44, 959, 270, 703, 150, 426, 548, 368, 1238, 368, 671, 445, 893, 363, 1276, 1185, 765, 893, 1210, 258, 1103, 121, 1043, 9, 328]
[1033, 236, 328, 1022, 600, 1260, 924, 426, 1052, 91, 294, 799, 10, 294, 835, 841, 415, 69]
[1246, 580, 548, 580, 756, 580, 1327, 547, 819, 893, 1105, 765, 1388, 765, 368, 130, 224, 1182, 1071, 1289, 504, 424, 965, 53, 455, 348, 749, 846, 1303, 1052, 294, 939, 619, 602, 241, 1113, 200, 426, 750, 535, 803, 468, 608, 165, 924, 517, 381, 948, 880, 1234, 1131, 687, 273, 959, 1095, 118, 1158, 384]
[1033, 236, 1053, 134, 55, 1214, 385, 1054, 859, 1295, 655, 1091, 426, 479, 867, 936, 1244, 1255, 94, 1115, 453, 746, 1394, 814, 1033]
[1242, 477, 819, 893, 465, 765, 434, 133, 225, 1066, 1261, 1113, 200, 1342, 661, 960, 907, 240, 324, 197]
[1010, 1185, 1238, 368, 1388, 893, 1010, 1309, 130, 1255, 433, 1121, 405, 754, 965, 880, 333, 1022, 1282, 426, 1265, 703, 1113, 713, 24, 147, 1365, 1222, 444, 569]
[557, 55, 576, 827, 1104, 1168, 1094, 1178, 1082, 1284, 1305, 426, 960, 970, 1255, 881, 433, 295, 1320, 910, 1344, 842, 71, 896, 143]
[1404, 1003, 648, 311, 1383, 1029, 949, 754, 345, 426, 149, 1415, 1201, 48, 1220, 731, 697, 788, 134, 678, 697, 937, 43, 220]
[508, 1304, 1238, 803, 468, 608, 893, 465, 1379, 38, 1309, 434, 1185, 765, 1238, 893, 363, 112, 893, 1210, 44, 948, 880, 415, 778, 426, 820, 1110, 939, 619, 602, 241, 827, 1414, 357, 880, 691, 38, 1309, 434, 1185, 765, 1238, 511, 976]
[1242, 816, 263, 241, 501, 570, 393, 1046, 750, 398, 51, 468, 608, 402, 504, 750, 398, 893, 547, 465, 819, 231, 1158, 1317, 371, 83, 426, 207, 708, 884, 222, 677, 1340, 430, 913, 1358]
[22, 1104, 241, 501, 570, 393, 1046, 750, 398, 803, 468, 608, 402, 504, 402, 1327, 547, 1327, 819, 662, 141, 487, 1099, 863, 1277, 237, 356, 398]
[232, 1363, 883, 979, 232, 38, 1276, 130, 660, 411, 368, 445, 1234, 1377, 225, 580, 112, 1327, 1017, 624, 837, 1363, 426, 922, 1091, 1210, 959]
[424, 677, 147, 21, 430, 174, 235, 908, 232, 156, 426, 1250, 883, 294, 1322, 553, 699, 37, 1225, 264]
[756, 765, 1388, 1238, 368, 958, 1033, 236, 570, 1025, 876, 265, 134, 93, 426, 791, 1322, 526, 52, 968, 964, 922, 702, 788, 806, 1225, 228, 928]
[1088, 480, 135, 626, 547, 1246, 1071, 619, 958, 842, 426, 219, 1104, 122, 699, 869, 151, 328, 1022, 216, 381]
[468, 1210, 1313, 836, 1139, 122, 451, 426, 1398, 326, 845, 703, 468, 750, 1158, 890, 83, 799, 1324, 599]
[960, 516, 697, 567, 760, 101, 1342, 50, 63, 734, 1112, 626, 547, 1246, 1189, 787, 859, 599, 426, 356, 398, 803, 468, 608, 1050, 99, 41, 1331]
[890, 263, 570, 393, 241, 501, 1046, 750, 398, 803, 468, 608, 402, 504, 809, 133, 959, 1095, 356, 468, 384]
[566, 1155, 1201, 1033, 604, 238, 235, 908, 697, 992, 1383, 599, 426, 1332, 859, 344, 959, 194, 1136, 118, 1158, 1158, 734, 1172]
[1015, 141, 1232, 149, 756, 1276, 1304, 224, 1182, 893, 756, 368, 1309, 1169, 368, 434, 48, 775, 426, 1222, 1070, 454, 77, 567, 563, 720, 1234, 271, 937]
[382, 100, 241, 501, 570, 393, 1046, 750, 398, 803, 468, 608, 402, 504, 444, 697, 531, 363, 112, 998, 788, 426, 1219, 133, 1002, 1095]
[263, 470, 9, 319, 335, 890, 83, 422, 1109, 1404, 1147, 41, 333, 960, 1264, 426, 1104, 1109, 161, 658, 1325, 147, 1022, 743]
[34, 568, 830, 598, 875, 750, 750, 816, 49, 1376, 802, 374, 57, 570, 992, 568, 780, 176, 494]
[1115, 168, 987, 799, 328, 1052, 91, 426, 1372, 552, 1051, 555, 750, 1241, 1242, 600]
[1115, 363, 894, 580, 1246, 580, 1010, 1242, 766, 792, 894, 1276, 1238, 1185, 368, 944, 865, 300, 1032, 426, 240, 247, 726, 1210, 700, 91, 138, 198]
[1033, 236, 344, 44, 960, 101, 362, 570, 1357, 304, 634, 876, 1370, 863, 679, 325, 39]
[1115, 1003, 225, 514, 1331, 266, 1139, 788, 980, 134, 626, 445, 565, 1185, 426, 316, 968, 967, 554, 801]
[1033, 236, 725, 673, 247, 917, 705, 21, 1113, 1035, 875, 18, 426, 311, 300, 1128, 750, 703, 985, 754, 1253, 551, 1277, 14]
[1389, 1328, 1383, 1369, 319, 468, 1158, 890, 619, 83, 426, 1079, 570, 869, 1250, 174, 1220, 658, 1022, 237]
[1398, 922, 1327, 368, 1185, 765, 112, 1276, 1276, 660, 1020, 236, 1389, 516, 426, 677, 576, 304, 634, 210, 1130]
[987, 1090, 1268, 768, 576, 260, 868, 243, 426, 967, 458, 658, 1195, 583, 468, 680, 750, 118, 356, 1317, 344, 734, 83]
[1088, 896, 236, 105, 831, 545, 308, 1410, 426, 1115, 816, 211, 566, 888, 422, 739, 1079, 570, 764, 579, 233, 1083, 639, 70, 50]
[1033, 236, 566, 888, 115, 1012, 655, 628, 561, 1197, 875, 810, 510, 1154, 697, 788, 134, 1025, 1407]
[881, 62, 819, 855, 697, 711, 1255, 894, 765, 130, 1309, 392, 1276, 434, 754, 345, 63, 548, 728, 170, 859, 1295]
[617, 918, 697, 468, 1317, 1158, 63, 890, 619, 83, 266, 380, 619, 516, 855, 1309, 1276, 1388, 660, 893, 580, 434, 565, 1276, 130, 7, 368, 1185, 1309, 1276, 434, 893, 819, 445, 1388, 1185, 765, 7, 1388]
[756, 1309, 7, 893, 1379, 1276, 1276, 660, 504, 90, 663, 619, 516, 506, 1035, 754, 372, 426, 843, 665, 370, 1285, 17, 645, 1234, 1403, 87, 987, 1168]
[378, 929, 471, 433, 1273, 158, 204, 658, 816]
[610, 314, 26, 334, 566, 709, 1273, 158, 555, 709, 468, 63, 73, 959]
[1055, 781, 1345, 772, 1364, 226, 1109, 703, 1072, 335, 449]
[1372, 552, 1273, 158, 513, 1152, 1389, 516, 1100, 1195, 1044, 966, 1210, 1158, 73, 959]
[548, 1276, 1276, 227, 1238, 765, 975, 570, 124, 1304, 224, 1182, 1388, 1309, 368, 893, 135, 819, 426, 713, 1217, 891, 1080, 792, 1379, 1182, 130, 1276, 7, 765, 893, 135, 819, 691, 1010, 434, 411, 130, 1276, 1309, 411]
[535, 765, 130, 765, 134, 232, 761, 970, 115, 1303, 500, 761, 320, 426, 124, 368, 224, 765, 1075, 1276, 1276, 660, 294, 1250, 883, 294, 433, 1121, 405, 891, 240, 247, 1311, 761]
[756, 1309, 7, 893, 1379, 1276, 1276, 660, 504, 1010, 580, 457, 1010, 1105, 922, 370, 1285, 713, 1217, 423, 1264, 728, 170]
[465, 368, 434, 368, 1388, 1276, 434, 1309, 224, 760, 897, 1242, 1026, 1048, 694, 426, 699, 335, 619, 83, 1258, 101, 557, 576, 235, 908, 174, 328, 1022]
[416, 1356, 1311, 826, 1091, 109, 426, 816, 115, 49, 50, 62, 190, 516, 975, 1099, 164, 842, 664, 1111]
[304, 634, 1017, 624, 837, 1363, 1294, 590, 1242, 191, 694, 426, 1250, 883, 294, 548, 1276, 1276, 227, 1238, 765, 294, 433, 1121, 405, 294, 580, 112, 1327, 1033, 134, 1359]
[881, 62, 556, 550, 750, 1158, 890, 619, 83, 426, 1414, 788, 1010, 580, 294, 1010, 1105, 294, 702, 228, 134, 237, 516, 1313, 191, 898, 1071, 599]
[548, 368, 130, 1185, 434, 765, 130, 504, 433, 1121, 405, 294, 1250, 883, 1342, 947, 162, 1017, 1048, 694, 917, 1222, 219, 1147]
[235, 908, 604, 238, 1242, 1104, 504, 465, 765, 368, 660, 235, 908, 1349, 787, 1335, 249, 149, 55, 422, 95, 426, 1225, 956, 703, 616, 658, 1332, 859]
[619, 263, 118, 1246, 893, 363, 1010, 363, 1246, 726, 1104, 1242, 300, 758, 138, 198, 74, 557, 703, 211]
[960, 1398, 688, 1054, 500, 645, 9, 319, 1033, 236, 679, 947, 119, 426, 1201, 1407, 35, 1087, 356, 398, 1322, 177]
[1022, 567, 658, 687, 289, 694, 440, 687, 657, 714, 191, 694, 426, 893, 155, 1139, 155, 147, 240, 839, 1179, 1326, 164]
[1062, 439, 728, 170, 1088, 243, 1103, 1070, 426, 363, 1010, 363, 1246, 893, 124, 1238, 1388, 1182, 1128, 11, 975, 624]
[688, 1054, 48, 975, 468, 1158, 700, 91, 393, 61, 426, 118, 398, 649, 41, 333, 1404, 689]
[1246, 580, 548, 580, 756, 580, 1327, 547, 819, 893, 1105, 765, 1388, 765, 368, 130, 224, 1182, 1071, 1289, 504, 236, 708, 147, 21, 1136, 1192, 960, 557, 576, 1022, 1082, 294, 516, 1244, 1287, 924, 500, 645, 417, 69, 426, 750, 398, 803, 468, 608, 1033, 236, 235, 908, 174, 328, 1022, 1048, 694, 1052, 323, 241, 1095]
[881, 62, 334, 798, 2, 30, 1321, 1256, 426, 62, 960, 267, 1197, 691, 580, 756, 232, 1363, 642, 1217, 967, 175, 70, 1140, 737]
[1033, 236, 750, 398, 803, 468, 608, 893, 580, 1379, 1402, 875, 147, 1407, 1378, 1051, 869, 50, 1160, 426, 707, 244, 1051, 1134]
[1033, 236, 1201, 1033, 910, 1344, 501, 669, 1137, 558, 426, 881, 62, 870, 1183, 294, 1170, 390, 147, 92, 444, 827, 1104]
[819, 1276, 434, 445, 49, 135, 626, 547, 1246, 691, 344, 855, 697, 706, 45, 898, 233, 1097, 1007, 1110]
[968, 975, 570, 910, 1344, 979, 570, 48, 1022, 743, 838, 981, 426, 101, 766, 792, 348, 1301, 733, 339, 200, 713, 1217, 1136, 772]
[155, 516, 566, 61, 788, 420, 1088, 1386, 426, 703, 922, 308, 1213, 304, 634, 400, 1139, 566, 45, 818, 1213, 503]
[433, 1121, 405, 1010, 38, 819, 1001, 1060, 319, 720, 863, 1239, 869, 655, 26, 921, 147, 21]
[17, 62, 1305, 294, 232, 225, 815, 317, 774, 426, 1170, 390, 1287, 240, 247, 703, 101, 37, 1033, 236, 501, 669, 49, 952]
[548, 1276, 1276, 227, 1238, 765, 702, 228, 134, 875, 810, 1123, 822, 1152, 757, 426, 1223, 1088, 966, 410, 1079, 570, 430, 153, 1025, 1407]
[363, 1304, 224, 1238, 765, 1304, 1388, 1219, 692, 823, 1171, 1068, 324, 426, 699, 667, 935, 220, 1313, 575, 49, 66, 708, 884]
[1250, 883, 699, 948, 547, 671, 224, 765, 1238, 893, 1010, 465, 580, 426, 1270, 391, 1383, 1010, 123, 123, 1234, 1172, 453, 746, 762, 372, 247, 122]
[1017, 624, 837, 1363, 1048, 694, 531, 369, 201, 358, 426, 433, 1121, 405, 1010, 38, 819, 703, 150, 92, 1099, 196]
[304, 634, 697, 531, 363, 112, 136, 1397, 1334, 426, 1048, 694, 35, 67, 1095, 1248, 356, 63, 1158, 734, 50]
[1181, 37, 18, 629, 1242, 1104, 504, 626, 1309, 1185, 1185, 1238, 765, 1388, 1276, 565, 1185, 1169, 368, 130, 765, 459, 1181, 37, 1064, 243, 1413, 674, 426, 240, 699, 1283, 232, 1287, 294, 169, 1145, 134, 93]
[1246, 580, 548, 580, 756, 580, 1327, 547, 819, 893, 1105, 765, 1388, 765, 368, 130, 224, 1182, 1071, 1289, 504, 101, 273, 959, 669, 1237, 196, 288, 294, 38, 1309, 434, 1185, 765, 1238, 1179, 1242, 1113, 200, 1206, 426, 750, 1158, 468, 608, 959, 304, 634, 363, 112, 948, 880, 863, 1234, 1380, 523, 468, 1317, 63, 890, 50]
[520, 1284, 454, 77, 567, 1033, 1074, 755, 135, 626, 547, 1246, 570, 48, 426, 430, 153, 1105, 548, 112, 728, 170]
[433, 1121, 405, 1010, 38, 819, 394, 1108, 253, 132, 754, 1017, 1227, 247, 1291, 500, 1318, 842, 1123, 479, 295, 789]
[760, 897, 860, 46, 517, 50, 1048, 694, 426, 620, 246, 294, 484, 679, 190, 541, 1413]
[653, 959, 11, 1327, 547, 1105, 819, 1243, 959, 11, 1321, 1256, 426, 1033, 236, 1183, 62, 870, 1001, 536, 1115, 1080, 1129, 1139, 198]
[535, 445, 123, 765, 130, 1238, 1276, 1276, 123, 893, 135, 434, 765, 115, 422, 1109, 661, 101, 869, 976, 1404, 767, 426, 49, 304, 634, 5, 846, 1070, 1139, 964, 1109]
[465, 1238, 1304, 1388, 893, 135, 434, 765, 893, 1327, 368, 130, 660, 765, 1185, 1309, 434, 227, 766, 1230, 829, 658, 426, 816, 708, 869, 557, 576, 328, 1022, 1070, 1328, 516, 1244]
[548, 1276, 1276, 227, 1238, 765, 702, 228, 134, 875, 810, 232, 225, 1170, 1342, 298, 426, 216, 807, 1242, 658, 1217, 166, 658, 653]
[816, 600, 133, 225, 259, 464, 533, 333, 48, 77, 1242, 728, 170, 426, 922, 750, 1158, 750, 1158, 959, 970, 1371, 533, 333, 1374, 1295, 357]
[548, 1276, 1276, 227, 1238, 765, 702, 228, 134, 875, 810, 728, 170, 150, 14, 653, 426, 548, 1276, 1276, 227, 1238, 765, 893, 1379, 368, 130, 1234, 642, 848, 762]
[1022, 567, 658, 1255, 658, 287, 937, 806, 937, 703, 426, 862, 170, 1104, 345, 240, 703, 922, 190, 21, 754, 345, 1222, 844]
[756, 765, 1388, 1238, 368, 194, 943, 1168, 111, 1117, 681, 426, 1327, 1304, 1388, 660, 877, 404, 697, 788, 134, 713, 1217]
[1033, 236, 1251, 1333, 1079, 570, 968, 282, 1311, 1404, 1287, 623, 1091, 792]
[1010, 1105, 200, 225, 699, 37, 1225, 264, 426, 1027, 34, 780, 604, 238, 240, 839, 646, 523, 1052, 142, 260, 61]
[881, 62, 2, 30, 1321, 1256, 764, 579, 708, 884, 426, 236, 1088, 401, 90, 1095, 149, 663, 826, 506, 267, 1197, 572, 388]
[1022, 567, 658, 1070, 627, 837, 1363, 147, 426, 851, 301, 870, 1139, 979, 625]
[135, 626, 547, 1246, 216, 381, 232, 1022, 953, 101, 1148, 426, 1010, 1105, 587, 894, 1105, 511, 976, 811, 1217, 121, 1043]
[283, 1358, 865, 77, 504, 881, 62, 210, 557, 553, 211, 1091, 27, 606, 511, 1210, 1317, 118, 384]
[598, 1054, 18, 629, 1242, 1104, 504, 819, 1309, 1185, 765, 637, 765, 1304, 1388, 114, 455, 1267, 147, 1201, 1288, 555, 213]
[548, 750, 1158, 1404, 689, 743, 371, 44, 1033, 236, 1018, 1218, 426, 304, 634, 1072, 356, 1158, 616, 232, 147, 1081, 979, 799, 403, 867, 711, 313, 141, 904, 16, 414, 964, 75, 1189, 1386, 304, 983, 784, 599]
[1376, 802, 568, 780, 947, 1174, 34, 568, 830, 1325, 1290, 374, 150, 426, 335, 959, 1217, 876, 789, 50, 1160, 374, 150]
[180, 50, 584, 504, 168, 987, 1255, 1376, 802, 754, 345, 426, 543, 723, 311, 728, 170, 240, 1258, 975, 570]
[391, 39, 720, 1234, 1342, 580, 124, 1010, 699, 948, 548, 765, 368, 130, 893, 819, 118]
[1033, 236, 1048, 694, 218, 457, 426, 1092, 1235, 259, 259, 430, 1372, 552, 1255, 970, 881, 433, 1057, 14, 570, 48]
[1138, 1075, 1276, 671, 893, 135, 434, 765, 1173, 739, 446, 437, 766, 47, 426, 1210, 44, 1342, 619, 516, 179, 657, 471, 465, 819, 356, 909]
[1115, 370, 1285, 568, 1342, 464, 620, 865, 1057, 905, 1033, 174, 349, 947, 462, 109]
[370, 1285, 519, 1090, 991, 319, 720, 960, 1264, 1200, 1219, 759, 240, 1026, 555]
[1092, 1235, 259, 259, 1234, 9, 319, 453, 744, 890, 619, 83, 426, 1201, 1033, 816, 225, 1287, 222, 677]
[580, 434, 1388, 1185, 368, 227, 130, 368, 7, 428, 701, 430, 174, 922, 860, 1032, 18, 1098, 517, 50]
[535, 756, 1379, 893, 468, 1158, 1342, 619, 516, 222, 677, 340, 1337, 426, 756, 971, 1327, 1276, 1075, 1309, 1238, 765, 687, 296, 1088, 571, 118, 616, 44, 1325, 1351, 179]
[1398, 1203, 328, 1022, 948, 880, 1243, 959, 953, 956, 859, 426, 1010, 819, 465, 25, 511, 998, 788, 41, 1331, 1095, 150]
[370, 1285, 1402, 475, 41, 156, 426, 1372, 552, 493, 57, 977, 713, 1331, 571, 68, 290, 875, 810]
[960, 747, 241, 501, 570, 393, 1046, 750, 398, 803, 468, 608, 402, 504, 1270, 750, 241, 41, 1331, 294, 1219, 133, 638, 1104, 1242, 1404]
[965, 577, 964, 1109, 543, 703, 426, 970, 42, 606, 1404, 468, 535, 803, 124, 901, 468, 608, 771, 1054]
[356, 548, 697, 711, 1402, 357, 149, 1415, 699, 788, 426, 142, 956, 1007, 909, 101, 273, 959, 703, 150, 788, 247]
[675, 1104, 1414, 788, 658, 164, 116, 776, 426, 740, 466, 584, 31, 334, 1139, 150]
[819, 1010, 465, 1234, 304, 216, 1200, 1145, 959, 552, 57, 84, 1365, 1113, 1059, 423]
[102, 629, 504, 1092, 1235, 440, 1277, 954, 352, 433, 1121, 405, 1401, 282, 426, 891, 1234, 643, 697, 232, 964, 570, 48, 1242, 1026, 1251, 728, 147, 1363]
[391, 39, 300, 758, 792, 84, 1051, 101, 766, 47, 426, 1115, 1219, 363, 894, 580, 1246, 580, 1010, 1242, 766, 792, 944, 865, 762, 372, 567, 871, 741]
[740, 335, 1235, 504, 713, 1217, 468, 1158, 959, 1017, 624, 1088, 243, 703, 150, 426, 235, 908, 47, 1048, 922, 210, 1033, 1225, 122]
[363, 894, 580, 1246, 580, 1010, 304, 1242, 363, 112, 944, 865, 997, 687, 1048, 426, 1398, 1203, 118, 398, 697, 531, 363, 112, 157, 122, 304, 975]
[808, 956, 241, 501, 570, 393, 1046, 750, 398, 803, 468, 608, 402, 504, 638, 1035, 638, 511, 426, 101, 273, 959, 41, 333, 428, 241, 1063, 1404]
[881, 62, 568, 780, 606, 1111, 548, 1276, 1276, 227, 1238, 765, 11, 843, 230, 931, 647, 868, 243, 983]
[1092, 1235, 259, 259, 1234, 958, 54, 245, 1173, 2, 422, 1109, 766, 1241, 713, 1217, 870, 834]
[1376, 802, 59, 1322, 504, 168, 987, 500, 543, 608, 608, 384, 9, 1247, 949, 761, 320, 426, 568, 780, 703, 922, 1376, 802, 925, 947, 119]
[1398, 39, 263, 241, 501, 570, 393, 1046, 750, 398, 803, 468, 608, 402, 504, 1001, 1060, 342, 576, 1136, 772, 426, 750, 398, 798, 1168, 430, 389]
[1178, 128, 1331, 387, 1050, 99, 426, 1398, 1203, 750, 398, 893, 547, 465, 819, 956, 63, 1317, 608, 83, 307, 958, 598, 804]
[899, 603, 222, 677, 1095, 149, 426, 480, 970, 42, 430, 389, 922, 129]
[970, 42, 241, 501, 570, 393, 1046, 468, 398, 803, 124, 901, 468, 608, 402, 504, 430, 389, 922, 129, 426, 774, 645, 817, 1264, 1178, 1035]
[363, 894, 580, 1246, 580, 1010, 241, 501, 570, 393, 1046, 750, 398, 803, 124, 901, 468, 1210, 402, 504, 41, 1331, 956, 468, 356, 1317, 750, 344, 890, 619, 83, 426, 809, 133, 750, 1317, 63, 118, 890, 619, 83]
[168, 987, 241, 501, 18, 629, 1046, 750, 398, 803, 468, 608, 402, 504, 444, 1407, 1287, 965, 754, 294, 825, 225, 1095, 149, 237, 339, 214, 860, 920, 426, 273, 959, 501, 713, 1278, 658, 798]
[370, 1285, 1314, 1019, 124, 1238, 1309, 123, 1075, 1276, 368, 130, 411, 1104, 349, 658, 426, 817, 1290, 429, 1171, 883, 979, 84, 198, 1123, 822]
[984, 864, 697, 679, 421, 708, 884, 1197, 1268, 279, 426, 687, 890, 251, 134, 92, 216, 807, 650, 686, 487, 23]
[560, 1261, 1168, 516, 658, 107, 345, 824, 1048, 426, 155, 516, 975, 1233, 1242, 506, 422, 824]
[1250, 883, 1331, 266, 1183, 790, 748, 1305, 947, 119, 112, 765, 368, 7, 426, 543, 1225, 1138, 1075, 1276, 671, 1183, 790, 699, 948, 298, 1091, 748, 1305]
[1033, 236, 951, 767, 1407, 247, 655, 127, 1136, 772, 1201, 546, 426, 304, 634, 267, 1197, 1393, 794, 149, 1272]
[1115, 756, 765, 1388, 1238, 368, 1234, 699, 948, 1242, 477, 702, 228, 708, 884, 426, 149, 604, 1179, 311, 886, 956, 457, 860, 721, 202, 1054, 567]
[168, 987, 845, 703, 49, 1376, 802, 948, 319, 426, 34, 568, 830, 1036, 816, 1234, 568, 780, 948, 1290, 1376, 802, 1242, 374, 150]
[983, 516, 1121, 407, 527, 1036, 157, 1358, 657, 571, 768, 388]
[1115, 391, 39, 548, 368, 1238, 368, 671, 445, 893, 363, 1276, 1185, 765, 893, 1210, 455, 880, 208, 1037, 426, 2, 18, 516, 1313, 687, 1048, 816, 804, 92, 1314, 774]
[1115, 1250, 883, 819, 1304, 130, 565, 368, 224, 765, 893, 1010, 580, 135, 543, 118, 1204, 1074, 755, 426, 261, 413, 356, 855, 113, 1218]
[1092, 1235, 259, 259, 241, 501, 570, 393, 1046, 750, 398, 803, 468, 608, 402, 504, 41, 1331, 959, 1095, 63, 371, 384, 426, 808, 1174, 1331, 1311, 201, 1095]
[535, 465, 547, 115, 1369, 319, 750, 1317, 1210, 63, 890, 619, 83, 426, 1331, 266, 869, 976, 333, 739, 147, 21, 819, 548, 580]
[1379, 445, 123, 130, 765, 1388, 1388, 742, 656, 1242, 1290, 1379, 547, 135, 658, 488, 426, 713, 1217, 948, 677, 947, 119, 240, 247, 220, 557]
[391, 39, 1342, 1372, 552, 699, 948, 548, 368, 1238, 368, 671, 445, 893, 363, 1276, 1185, 765, 893, 1210, 426, 677, 576, 344, 371, 608, 619, 83]
[356, 608, 1313, 738, 516, 1267, 147, 687, 324, 426, 16, 290, 1033, 236, 414, 964, 75, 1189, 1386, 304, 784, 599]
[963, 85, 864, 110, 656, 1010, 434, 411, 130, 1276, 1309, 411, 868, 243, 426, 548, 1276, 1276, 227, 1238, 765, 967, 458, 608, 1210, 63, 734, 619, 83]
[135, 123, 123, 1276, 294, 894, 1309, 542, 1276, 328, 1022, 754, 875, 948, 880, 556, 869, 134, 426, 1398, 922, 1037, 1028, 606, 989, 437, 169, 1033, 236]
[1033, 236, 516, 1267, 725, 673, 247, 859, 599, 1115, 223, 134, 827, 1217, 426, 92, 1201, 1033, 304, 634, 136, 576, 487, 1055]
[1033, 236, 1287, 924, 328, 1022, 477, 865, 1260, 924, 426, 194, 348, 1358, 122, 728, 1323, 1168, 222, 766, 1396]
[619, 516, 750, 1158, 468, 608, 959, 750, 398, 910, 1344, 992, 1134, 1088, 609, 598, 804, 426, 1128, 1129, 825, 1279, 948, 907, 500, 645, 703, 150]
[370, 1285, 1342, 1372, 552, 703, 150, 462, 109, 1077, 1033, 426, 316, 842, 1189, 311, 366, 311, 953]
[1327, 580, 756, 975, 570, 517, 576, 1250, 174, 263, 956, 708, 884, 741, 300, 1032, 426, 240, 839, 1033, 323, 333, 225, 1342, 1022, 567, 706, 578, 917, 205]
[1009, 100, 1022, 567, 658, 609, 848, 1080, 792, 1010, 123, 123, 426, 702, 1265, 1400, 376, 457, 658, 84, 235, 908, 11, 826, 946]
[370, 1285, 1372, 552, 147, 1363, 67, 780, 268, 1110, 430, 1022]
[1092, 1229, 343, 1170, 1318, 1412, 426, 76, 334, 1139, 922, 854, 369, 213]
[922, 75, 85, 161, 1224, 189, 792, 307, 887, 658, 1227, 426, 619, 516, 1267, 147, 437, 1305, 139, 1048, 701, 703, 283, 1358]
[641, 979, 658, 84, 235, 908, 819, 1276, 123, 1182, 1309, 368, 240, 478, 1080, 1390, 934, 754, 1246, 363, 1010, 605, 1115, 635, 796]
[391, 39, 294, 370, 1285, 101, 273, 959, 1242, 1022, 948, 188, 426, 62, 424, 965, 53, 147, 21, 329, 876, 1258, 1110]
[135, 123, 123, 1276, 64, 769, 1005, 1342, 1033, 236, 1048, 694, 832, 1415, 346, 265]
[619, 1267, 771, 501, 486, 315, 426, 619, 516, 910, 1344, 92, 500, 645, 557, 1329]
[135, 123, 123, 1276, 1042, 936, 979, 1003, 1189, 346, 265, 426, 1033, 236, 328, 1022, 1033, 600, 212, 212, 1040, 1070]
[391, 39, 1012, 655, 1232, 761, 1255, 266, 380, 426, 134, 225, 424, 53, 164, 147, 157, 122, 304, 975]
[697, 788, 134, 191, 694, 1201, 1033, 426, 101, 766, 282, 1070, 1328, 997, 134, 1048, 694]
[933, 706, 276, 658, 957, 718, 426, 910, 1344, 827, 1104, 92, 1088, 1239, 495]
[1010, 123, 123, 1238, 765, 893, 1327, 368, 123, 1388, 486, 108, 1405, 900, 426, 998, 917, 1309, 135, 819, 1096, 153, 975, 1099, 1140, 1189]
[816, 1054, 962, 702, 788, 228, 928, 426, 699, 788, 479, 1281, 295, 865, 1070, 1170]
[658, 84, 235, 908, 1088, 743, 760, 1104, 798, 84, 345, 21, 544, 472, 426, 647, 525, 247, 574, 1225, 936, 29, 1104, 798]
[1267, 147, 1313, 749, 469, 1104, 1242, 1255, 79, 23, 688, 505, 426, 619, 516, 1242, 1104, 1267, 147, 428, 701, 1127, 416]
[1094, 788, 658, 846, 114, 733, 69, 1049, 426, 619, 516, 1094, 788, 122, 294, 1025, 1407, 122, 1033, 1088, 609, 842]
[702, 228, 728, 170, 236, 645, 687, 1189, 426, 1265, 708, 884, 1110, 688, 1070, 294, 228, 928, 907, 394, 1405, 882]
[352, 312, 702, 228, 134, 457, 1010, 1105, 728, 170, 1103, 1070, 426, 713, 1217, 936, 979, 1189, 859, 240, 247, 1088, 669, 439, 1342]
[816, 1170, 1333, 600, 1051, 676, 965, 577, 964, 1109, 426, 1071, 897, 1404, 1022, 247, 1407, 1287]
[1115, 884, 927, 992, 381, 777, 216, 640, 658, 1143, 1094, 426, 49, 494, 777, 216, 1234, 81, 1267, 147, 883, 979, 99, 1311, 167, 122]
[161, 1224, 189, 792, 1088, 528, 134, 457, 824, 426, 910, 1344, 669, 1237, 1070, 48, 196, 288]
[719, 5, 429, 1171, 798, 1151, 615, 515, 426, 333, 788, 1287, 924, 528, 95, 602]
[548, 1327, 893, 112, 1276, 1238, 1185, 893, 547, 894, 697, 788, 134, 247, 843, 703, 922, 520, 1284, 894, 1379, 164, 147, 121, 189, 1123]
[1372, 902, 910, 1344, 703, 150, 149, 1415, 426, 566, 888, 1095, 149, 1279, 948, 45, 898, 350, 1113]
[168, 987, 124, 1276, 671, 1075, 1276, 1185, 1388, 9, 1311, 702, 1313, 200, 225, 426, 713, 1217, 1088, 401, 90, 49, 1168, 222, 677]
[557, 133, 1035, 294, 557, 1331, 1311, 345, 1023, 426, 619, 516, 703, 922, 215, 396, 947, 374, 743]
[619, 799, 1295, 743, 866, 318, 318, 1088, 511, 1252, 426, 713, 1217, 910, 1344, 444, 1104, 92, 1220, 875, 240, 1366]
[816, 758, 511, 1378, 860, 920, 1337, 247, 1331, 387, 426, 408, 1355, 566, 45, 185, 1059, 625]
[309, 513, 1033, 236, 341, 860, 426, 619, 138, 1109, 147, 1325, 147, 669, 1237]
[1250, 711, 568, 1342, 463, 914, 1139, 788, 818, 713, 1217, 189, 685]
[465, 1276, 660, 765, 7, 1276, 434, 893, 548, 135, 703, 816, 211, 662, 1318, 1094, 159, 681, 984, 39]
[816, 699, 118, 1246, 688, 635, 479, 1281, 295, 865, 426, 122, 144, 548, 1276, 1276, 227, 1238, 765, 294, 535, 547, 1105, 547, 294, 756, 1276, 7, 756, 1276, 7]
[712, 697, 175, 831, 1242, 1312, 55, 1410, 426, 713, 1217, 1234, 11, 179, 1383, 1048, 694]
[816, 493, 1195, 754, 345, 426, 699, 1404, 688, 552, 479, 1281, 118, 1246, 295, 865, 859, 1295]
[1246, 580, 548, 580, 756, 580, 1327, 547, 819, 893, 1105, 765, 1388, 765, 368, 130, 224, 1182, 1071, 1289, 504, 118, 1246, 893, 363, 1010, 363, 1246, 893, 124, 1238, 368, 1388, 1182, 285, 589, 475, 1292, 450, 608, 356, 1107, 1258, 687, 1144, 1070, 426, 391, 39, 964, 726, 379, 1038, 1411, 240, 247, 220, 114, 511]
[1246, 580, 548, 580, 756, 580, 1327, 547, 819, 893, 1105, 765, 1388, 765, 368, 130, 224, 1182, 1071, 1289, 504, 194, 348, 1048, 694, 500, 275, 703, 150, 294, 987, 1168, 25, 880, 863, 1095, 426, 750, 398, 803, 468, 608, 236, 600, 235, 908, 174, 328, 1022, 948, 880, 1072, 468, 1317, 356, 63, 890, 1279]
[433, 1121, 405, 1009, 100, 1022, 567, 658, 1010, 1238, 765, 671, 368, 2, 18, 745, 247, 1110, 964, 1070]
[283, 1358, 865, 77, 504, 304, 634, 1139, 788, 604, 238, 1377, 225, 21, 960, 1210, 344, 384, 1108, 543, 235, 908, 174, 328, 1022]
[135, 123, 123, 1276, 1255, 766, 1288, 319, 244, 754, 345, 426, 827, 914, 1033, 236, 328, 1022, 1407, 147, 531, 369, 260, 61]
[1009, 100, 1022, 567, 658, 968, 1335, 658, 65, 1326, 101, 161, 734, 619, 83]
[548, 1276, 1276, 227, 1238, 765, 240, 247, 851, 301, 189, 685, 818, 344, 447, 1079, 1293, 875, 810]
[147, 21, 212, 859, 1187, 658, 84, 235, 908, 426, 240, 247, 698, 922, 1205, 515]
[1242, 802, 241, 501, 570, 393, 1046, 750, 398, 803, 468, 608, 402, 504, 1033, 1262, 360, 1088, 1337, 294, 1242, 164, 147, 570, 48, 196, 426, 1011, 645, 468, 1158, 959, 956, 859, 1323, 122, 1033]
[1033, 236, 1099, 1139, 168, 987, 9, 319, 1376, 802, 426, 168, 987, 504, 1234, 1301, 832, 845, 703, 774, 645, 198, 137]
[580, 548, 637, 135, 1172, 863, 1407, 220, 294, 1404, 986, 629, 552, 294, 1326, 697, 307, 1358, 426, 958, 626, 1379, 1246, 454, 77, 567, 200, 225, 1137, 558, 808, 426, 135, 626, 547, 1246, 691, 1208, 1199, 1172, 570, 48, 1022, 743]
[1033, 236, 703, 745, 1079, 570, 273, 479, 979, 863, 679, 300, 1032, 426, 1265, 232, 225, 1170, 907, 1239]
[219, 799, 632, 164, 743, 1003, 655, 426, 687, 273, 959, 547, 465, 819, 893, 371, 1317, 63, 344, 83]
[457, 1203, 687, 101, 273, 959, 41, 1331, 471, 827, 356, 471, 608, 426, 304, 959, 523, 20, 83, 240, 804]
[147, 703, 241, 501, 570, 393, 1046, 750, 398, 803, 468, 608, 402, 504, 614, 129, 430, 389, 426, 101, 273, 959, 1242, 1287, 948, 880, 149, 518]
[263, 470, 1226, 808, 960, 504, 750, 1158, 468, 608, 959, 1025, 1208, 1242, 164, 147, 523, 618, 239, 948, 426, 750, 1158, 468, 1210, 959, 1234, 690, 873, 1219, 133]
[1115, 391, 39, 1054, 962, 1242, 766, 792, 547, 671, 445, 434, 1276, 1388, 893, 344, 344, 371, 63, 426, 92, 6, 522, 1322, 959, 468, 1158, 700, 91, 1139, 788, 300, 1032, 1033, 191]
[1243, 959, 304, 634, 934, 979, 1067, 693, 979, 1048, 694, 35, 67, 92, 959, 1303, 468, 468, 384, 426, 1246, 1105, 1010, 1327, 827, 1380, 468, 371, 384]
[1053, 134, 273, 479, 979, 348, 14, 1095, 1404, 426, 594, 1321, 1088, 826, 322, 375, 84, 600]
[338, 799, 75, 1067, 693, 979, 348, 14, 1338, 1134, 426, 816, 273, 479, 979, 1402, 357, 600, 118, 1246, 893, 363, 1010, 363, 1246, 871, 741, 966, 328]
[370, 1285, 1309, 465, 1182, 1276, 434, 765, 893, 819, 547, 687, 1048, 426, 939, 619, 1048, 694, 328, 1022, 222, 863, 1014, 471, 1051, 1134, 703, 150]
[457, 1203, 241, 501, 570, 393, 1046, 750, 398, 803, 468, 608, 402, 504, 611, 336, 566, 520, 19, 1007, 1270, 118, 241, 426, 1243, 959, 1122, 453, 907, 311]
[263, 470, 241, 501, 570, 393, 1046, 750, 398, 803, 468, 608, 402, 504, 750, 1158, 468, 608, 959, 687, 273, 547, 465, 819, 893, 468, 1317, 63, 344, 83, 426, 1007, 909, 118, 398, 41, 1331, 1219, 133]
[505, 553, 101, 273, 959, 904, 941, 294, 800, 1306, 1022, 618, 1407, 1287, 426, 638, 1149, 515, 1136, 41, 333]
[102, 629, 504, 302, 492, 235, 908, 174, 328, 1022, 965, 577, 950, 788, 426, 1031, 454, 328, 1022, 151, 133, 1170, 461, 360]
[519, 1039, 711, 504, 328, 1022, 1255, 580, 1276, 756, 604, 238, 453, 863, 1234, 958, 750, 1158, 468, 344, 959, 1132, 1284, 561, 297, 426, 663, 1139, 788, 332, 1362, 580, 1276, 756, 604, 238, 453, 863, 829, 658]
[465, 1276, 660, 765, 7, 1276, 434, 893, 548, 135, 114, 511, 937, 826, 348, 14, 426, 50, 455, 200, 182, 1255, 147, 21, 1125, 209]
[391, 39, 570, 393, 311, 1082, 819, 819, 1246, 726, 1270, 969, 792, 894, 971, 363, 1010, 363, 1246, 728, 170, 426, 968, 956, 608, 356, 1107, 300, 1353, 1292, 450, 661, 1295]
[548, 1276, 1276, 227, 1238, 765, 893, 124, 1309, 1075, 765, 130, 875, 1087, 1342, 619, 750, 356, 762, 295, 1288, 1054, 962, 1242, 1220, 731, 75, 1189, 837, 1363]
[302, 492, 702, 555, 1017, 294, 235, 908, 1407, 1287, 1173, 910, 372, 805, 365, 521, 1234, 1152, 757]
[548, 1276, 1276, 227, 1238, 765, 893, 894, 765, 434, 1185, 1304, 130, 765, 1104, 349, 658, 485, 334, 1139, 150, 112, 1309, 1238, 1238, 893, 1327, 368, 130, 1309, 1388, 1152, 757]
[548, 1276, 1276, 227, 1238, 765, 1234, 850, 421, 124, 1238, 368, 1388, 1182, 194, 43, 426, 699, 511, 535, 756, 1327, 626, 63, 703, 598, 1402, 859, 1295]
[370, 1285, 1404, 1107, 504, 1220, 983, 703, 922, 734, 247, 947, 119, 426, 743, 1071, 99, 958, 397, 453, 147, 1363]
[135, 465, 547, 1379, 827, 114, 1352, 1407, 1279, 1150, 55, 576, 426, 1092, 1360, 171, 1140, 1258, 377]
[1115, 370, 1285, 371, 44, 1210, 816, 570, 393, 1309, 465, 1182, 1276, 434, 765, 893, 1210, 426, 1069, 1082, 780, 240, 247, 1303, 922, 750, 1082]
[519, 203, 956, 1234, 1342, 619, 975, 1402, 819, 123, 765, 765, 411, 565, 368, 224, 1185, 1276, 130, 445, 702, 788, 1170, 84, 600]
[1033, 236, 344, 468, 468, 1178, 964, 468, 73, 959, 426, 658, 1195, 583, 561, 1197, 553, 211, 687, 1291, 500, 275, 656]
[1115, 370, 1285, 1234, 1255, 62, 697, 175, 147, 21, 754, 345, 426, 975, 570, 697, 788, 134, 697, 175]
[391, 39, 468, 1317, 63, 890, 619, 83, 1331, 266, 619, 1246, 368, 224, 1276, 130, 426, 760, 897, 1404, 512, 1313, 697, 1407, 1287, 1048, 694]
[548, 1276, 465, 130, 1276, 699, 895, 115, 936, 360, 1045, 860, 1022, 135, 7, 434, 1309, 426, 344, 44, 468, 1210, 816, 265, 222, 677]
[960, 103, 516, 1244, 241, 501, 570, 393, 1046, 750, 398, 803, 468, 608, 402, 504, 809, 133, 959, 1095, 149, 750, 1210, 384]
[1371, 970, 241, 501, 570, 393, 1046, 750, 398, 803, 468, 608, 402, 504, 41, 1331, 371, 344, 890, 619, 83, 426, 959, 1095, 356, 750, 384]
[756, 765, 1388, 1238, 368, 702, 228, 745, 247, 1342, 1033, 236, 570, 1025, 876, 265, 134, 93]
[183, 802, 1279, 500, 21, 570, 588, 149, 55, 987, 501]
[520, 706, 9, 319, 468, 344, 890, 619, 83, 555, 697, 788, 134, 600, 426, 959, 1407, 247, 687, 1007, 356, 1158, 734, 251]
[658, 949, 965, 577, 144, 213, 221, 793, 1347, 1173, 884, 1033, 715, 654, 847, 1367, 636]
[610, 314, 26, 1173, 884, 49, 1279, 500, 21, 570, 992, 1103, 66]
[395, 1033, 133, 1397, 744, 1167, 743, 703, 745, 1308, 121, 118, 750, 1210, 403, 953, 1195]
[821, 752, 1201, 1033, 521, 516, 1025, 1407, 393, 61, 426, 114, 1404, 1246, 130, 368, 224, 1276, 893, 465, 1379, 112, 500, 761, 471, 827]
[619, 263, 699, 948, 118, 750, 548, 112, 1139, 788, 604, 238, 225, 118, 1246, 893, 363, 1010, 363, 1246]
[983, 516, 881, 2, 570, 1025, 684, 740, 1033, 157]
[1231, 1090, 537, 697, 232, 1048, 694, 1294, 590, 1242, 766, 37, 191, 157, 426, 304, 216, 647, 772, 433, 1121, 405]
[370, 1285, 1010, 1327, 135, 626, 547, 1246, 216, 381, 760, 741, 407, 1230, 654, 426, 1033, 236, 230, 768, 600, 550, 1033, 1403, 528, 1022, 50]
[574, 1225, 338, 799, 75, 1164, 1107, 555, 238, 426, 1079, 1398, 804, 1342, 580, 580, 1276, 756, 917, 205, 258, 917, 515, 573]
[283, 1358, 865, 77, 504, 1404, 229, 1170, 703, 283, 1358, 426, 62, 335, 250, 658, 594, 63, 959, 201, 1095, 468, 680, 118, 1158, 1158, 658]
[370, 1285, 41, 1331, 1096, 101, 596, 426, 883, 899, 979, 1104, 1242, 1088, 502, 11, 1123, 339]
[203, 823, 902, 697, 1181, 67, 174, 247, 598, 1054, 118, 1246, 330, 1372, 703, 1287, 883, 899, 230, 202]
[831, 960, 516, 138, 1109, 750, 1158, 750, 63, 1410, 1113, 200, 926, 1134, 426, 767, 1189, 147, 531, 859, 451, 236, 1267, 401, 1168, 319, 92, 703, 283, 1358]
[1033, 236, 122, 1359, 910, 1344, 430, 174, 426, 650, 147, 951, 767, 84, 658, 440, 430, 1139, 817, 1290, 524, 524, 948, 1139, 119, 1022]
[881, 62, 520, 100, 641, 1081, 194, 672, 426, 433, 812, 1313, 841, 1267, 147, 351, 372, 964, 667, 1411, 1088, 43, 196]
[124, 1309, 542, 765, 1010, 580]
[548, 368, 1238, 368, 671, 445, 893, 363, 1276, 1185, 765, 893, 1210, 856, 1395, 1416, 1151, 154, 515, 614, 855, 1276, 1238, 765, 434, 1339, 1313, 455, 200]
[1010, 123, 123, 1238, 765, 893, 465, 368, 445, 304, 634, 699, 48, 125, 133, 426, 670, 1342, 1056, 812, 967, 724, 768, 1266, 1135, 531, 369]
[1033, 236, 328, 1022, 1287, 924, 728, 170, 346, 265, 426, 1309, 465, 1182, 1276, 434, 765, 263, 1262, 428, 701, 1013, 653]
[697, 861, 570, 48, 474, 473, 1025, 623, 1073, 720, 164, 147, 426, 1332, 859, 750, 1158, 468, 344, 959, 1407, 247, 956, 750, 734, 947, 511]
[338, 799, 75, 261, 452, 110, 281, 333, 739, 728, 170, 426, 240, 702, 1139, 1333, 1186, 1390, 365, 1059]
[1033, 236, 1048, 694, 850, 322, 426, 1222, 1268, 516, 1267, 1331, 266, 1383, 247, 1070, 1311]
[203, 823, 902, 975, 570, 1162, 788, 780, 1402, 875, 883, 979, 426, 773, 1170, 118, 1246, 330, 1372, 1022, 567, 658, 138, 345, 1305, 198]
[505, 607, 470, 990, 570, 745, 426, 831, 744, 734, 1299, 1034, 1410, 247, 843, 669, 1237, 816, 211, 910, 1344, 242]
[1033, 236, 1079, 570, 1270, 356, 792, 423, 647, 200, 460, 426, 1234, 1179, 922, 1113, 1035, 294, 682, 1384, 294, 1386, 304]
[1336, 1075, 765, 130, 457, 524, 524, 1188, 72, 426, 162, 1098, 910, 1344, 1070, 1311, 1033, 236, 1048, 694, 1126, 953, 827, 827]
[1022, 567, 658, 1033, 1328, 1070, 627, 692, 823, 1171, 426, 1033, 236, 138, 1109, 147, 543, 839, 304, 216, 1040, 1070]
[106, 863, 319, 720, 1091, 792, 1217, 807, 426, 904, 1033, 598, 1054, 247, 122, 240, 1225, 169, 172, 321, 931]
[203, 823, 902, 118, 1246, 860, 721, 728, 170, 422, 1109, 481, 443, 1334, 631, 1255, 515, 1156]
[363, 368, 434, 1276, 224, 1276, 1255, 1015, 141, 815, 4, 426, 1033, 323, 1175, 48, 863, 679, 1288, 147, 1363]
[370, 1285, 114, 477, 506, 875, 825, 555, 213, 426, 46, 520, 658, 240, 839, 1219, 657, 1179, 754, 372, 818, 1257, 184]
[1246, 765, 1238, 123, 1182, 1309, 1255, 1242, 149, 596, 566, 888, 799, 328, 1412, 1189, 936, 1054, 702, 228, 875, 198, 134]
[1327, 1276, 1075, 1309, 1238, 765, 445, 765, 1255, 756, 765, 1388, 1238, 368, 18, 328, 426, 479, 157, 731, 240, 247, 922, 756, 765, 1388, 1238, 368, 893, 1327, 1276, 411, 765, 1238, 893, 819, 134, 93]
[524, 524, 1255, 1336, 1075, 765, 130, 1188, 1392, 426, 1372, 552, 396, 134, 147, 21, 135, 1238, 368, 216, 807, 476, 191]
[363, 112, 1215, 978, 571, 426, 1407, 147, 437, 518, 490, 952, 948, 1134]
[923, 972, 148, 555, 1399, 520, 706, 1025, 467, 67, 780, 426, 463, 703, 1034, 1146, 1331, 1311, 18, 452, 75, 1189]
[1033, 236, 725, 673, 247, 32, 367, 1170, 1413, 140, 1322, 454, 426, 163, 294, 391, 731, 67, 965, 600, 778, 147, 1035, 1095]
[1246, 580, 548, 580, 756, 580, 1327, 547, 819, 893, 1105, 765, 1388, 765, 368, 130, 224, 1182, 1071, 1289, 504, 101, 273, 959, 50, 600, 1033, 1074, 755, 216, 381, 948, 880, 959, 1095, 1035, 1234, 922, 568, 453, 426, 750, 1158, 468, 608, 959, 958, 304, 634, 1014, 543, 1035, 1234, 1250, 1095, 1248, 118, 356, 1317, 344, 384]
[1327, 1276, 1075, 1309, 1238, 765, 445, 765, 1255, 756, 765, 1388, 1238, 368, 49, 702, 228, 134, 728, 170, 798, 24, 18, 1236, 426, 155, 702, 1057, 14, 948, 1189]
[1033, 236, 1048, 694, 1384, 726, 237, 1110, 1255, 19, 217, 45, 898]
[580, 434, 1185, 765, 130, 819, 445, 1388, 1185, 765, 7, 1388, 1255, 819, 1185, 368, 434, 1238, 765, 445, 893, 535, 765, 368, 1238, 1185, 1182, 224, 368, 130, 765, 422, 1109, 1208, 1199, 338, 799, 75, 517, 50]
[338, 799, 75, 818, 1208, 1199, 200, 225, 426, 907, 394, 141, 837, 482, 1271, 1223, 143, 426, 426, 750, 1158, 750, 1158, 959, 338, 799, 75, 604, 238, 687, 1007, 118, 356, 1158, 890, 50]
[1336, 1075, 765, 130, 69, 948, 1033, 236, 426, 619, 232, 907, 953, 523, 986, 1033, 236, 1048, 694, 635, 796]
[199, 595, 294, 919, 940, 294, 947, 119, 351, 372, 294, 566, 351, 1170, 426, 219, 799, 164, 53, 543, 609, 957, 718, 579]
[1389, 1034, 1090, 580, 1246, 124, 893, 468, 608, 816, 1020, 694, 426, 391, 1033, 1407, 1287, 731, 1020, 381, 121, 1043]
[534, 1305, 697, 175, 1242, 1373, 1022, 426, 816, 600, 699, 557, 703, 211, 697, 986, 534, 40, 720]
[235, 908, 174, 328, 1022, 1377, 225, 959, 229, 959, 1093, 1170, 426, 538, 1024, 681, 1264, 429, 1171, 92, 444, 860, 920]
[692, 823, 1003, 653, 959, 699, 948, 856, 1395, 1416, 1151, 328, 1022, 426, 1091, 1022, 1088, 1337, 713, 247, 1104, 1109, 487, 811]
[535, 580, 819, 147, 1365, 339, 295, 957, 101, 97, 426, 1361, 839, 1022, 567, 658, 1123, 409, 1183, 520, 582]
[524, 524, 948, 1139, 1255, 1336, 1075, 765, 130, 1188, 72, 426, 1342, 236, 359, 576, 1033, 191, 1234, 903, 1218]
[370, 1285, 147, 1365, 1011, 190, 241, 417, 69, 426, 837, 1363, 164, 147, 670, 703, 271, 1288]
[1389, 516, 124, 1309, 542, 765, 1010, 580, 440, 699, 1010, 580, 702, 228, 134, 708, 884, 426, 149, 1311, 304, 634, 702, 228, 728, 170, 191, 61]
[1004, 202, 503, 702, 118, 1246, 330, 1372, 426, 203, 823, 902, 975, 570, 240, 1025, 1407, 1001, 138, 577, 1287, 818, 1133, 1319, 567]
[1327, 1276, 1075, 1309, 1238, 765, 445, 765, 1255, 756, 765, 1388, 1238, 368, 56, 491, 1258, 1291, 1083, 403, 59]
[1033, 236, 1048, 694, 1183, 790, 35, 665, 1088, 28, 426, 1168, 232, 1267, 147, 1311, 360, 352, 1161, 1383, 922, 687, 45]
[855, 368, 1075, 445, 893, 1238, 368, 660, 765, 568, 780, 948, 880, 426, 363, 112, 147, 21, 504, 348, 14, 315, 294, 727, 439, 1404]
[150, 804, 393, 61, 1234, 1070, 1311, 1331, 491, 804, 426, 1242, 816, 263, 504, 725, 673, 247, 71, 95, 1270, 356, 241, 240, 839, 437, 518]
[300, 697, 294, 970, 990, 241, 501, 570, 393, 1046, 750, 398, 803, 468, 608, 402, 504, 771, 501, 964, 89, 426, 118, 398, 602, 241, 1007, 909, 428, 44, 149, 518]
[884, 1242, 44, 501, 570, 393, 1046, 750, 1158, 468, 608, 587, 1210, 402, 504, 687, 273, 959, 547, 465, 819, 1158, 1317, 371, 356, 83, 426, 427, 1314, 859, 599, 101, 273, 959, 948, 880]
[101, 273, 959, 669, 1237, 196, 288, 294, 38, 1309, 434, 1185, 765, 1238, 1179, 1242, 1113, 200, 1206, 426, 750, 1158, 468, 608, 959, 304, 634, 363, 112, 948, 880, 863, 1234, 1380, 523, 468, 1317, 63, 890, 50]
[607, 619, 563, 720, 241, 501, 570, 393, 1046, 750, 398, 803, 468, 608, 402, 504, 62, 76, 263, 381, 600, 342, 576, 426, 50, 600, 444, 1021]
[808, 956, 44, 501, 570, 393, 1046, 750, 1158, 468, 608, 587, 1210, 402, 504, 370, 1285, 255, 122, 426, 1210, 44, 41, 1331, 1088, 1303, 647, 1095]
[1184, 729, 241, 501, 570, 393, 1046, 750, 398, 803, 468, 608, 402, 504, 741, 241, 1316, 133, 1035, 118, 1158, 384]
[146, 292, 44, 501, 570, 393, 1046, 750, 1158, 468, 608, 587, 1210, 402, 504, 41, 1331, 959, 1303, 371, 384]
[505, 553, 294, 1398, 1263, 241, 501, 570, 393, 1046, 750, 398, 803, 468, 608, 402, 504, 1404, 1316, 133, 1407, 1287, 948, 880, 904, 1078, 426, 687, 273, 959, 1219, 133, 1002, 1095]
[395, 559, 697, 241, 501, 570, 393, 1046, 750, 398, 803, 468, 608, 402, 504, 118, 398, 1007, 1095, 1072, 750, 703, 426, 304, 959, 724, 278, 1416, 1151, 948, 880, 1332, 859, 63, 1158, 1158, 734, 961]
[1398, 300, 44, 501, 570, 393, 1046, 750, 1158, 468, 608, 587, 1210, 402, 504, 1210, 44, 41, 1331, 500, 517]
[666, 257, 44, 501, 570, 393, 1046, 750, 1158, 468, 608, 587, 1210, 402, 504, 41, 1331, 959, 1303, 468, 344, 384]
[1183, 790, 484, 679, 44, 501, 570, 393, 1046, 750, 1158, 468, 608, 587, 1210, 402, 504, 41, 1331, 44, 1095, 750, 750, 384]
[1072, 356, 959, 713, 964, 1082, 426, 1115, 370, 1285, 1234, 1033, 323, 511, 976, 1327, 368, 224, 112, 1276, 1276, 660, 893, 465, 130, 1276]
[343, 988, 241, 501, 570, 393, 1046, 750, 398, 803, 468, 608, 402, 504, 602, 241, 261, 452, 328, 1022, 1242, 1287, 687, 1048, 426, 118, 398, 41, 1331, 839, 1095, 118, 703]
[457, 1203, 44, 501, 570, 393, 1046, 750, 1158, 468, 608, 587, 1210, 402, 504, 1210, 44, 147, 1365, 437, 1380, 426, 983, 791, 48, 839, 444, 1343, 1332]
[474, 247, 241, 501, 570, 393, 1046, 750, 398, 803, 468, 608, 402, 504, 1219, 133, 241, 1303, 1036, 608, 703]
[168, 987, 44, 501, 570, 393, 1046, 750, 1158, 468, 608, 587, 1210, 402, 504, 1210, 44, 41, 1331, 1243, 959, 1258, 1217, 540, 557]
[219, 697, 241, 501, 570, 393, 1046, 750, 398, 803, 468, 608, 402, 504, 1316, 133, 1035, 956, 468, 63, 1317, 118, 384]
[50, 1300, 697, 44, 501, 570, 393, 1046, 750, 1158, 468, 608, 587, 1210, 402, 504, 1210, 44, 41, 1331, 44, 1303, 608, 1317, 468, 384]
[756, 765, 1388, 1238, 368, 439, 880, 73, 430, 1035, 557, 958, 531, 369, 49, 328, 426, 6, 570, 2, 18, 9, 319, 21, 826, 56]
[1372, 552, 114, 986, 961, 426, 370, 1285, 240, 839, 1342, 295, 975, 1402, 475, 41, 156]
[370, 1285, 1080, 657, 328, 1022, 785, 216, 113, 1218, 1242, 1071, 133, 426, 745, 247, 1131, 391, 39, 785, 216, 328, 1022, 438, 252]
[644, 1118, 699, 948, 304, 634, 876, 1370, 608, 1158, 756, 112, 893, 819, 819, 1246, 899, 603]
[302, 956, 697, 1270, 118, 241, 328, 1022, 2, 1253, 247, 956, 569, 517, 843, 426, 1048, 694, 1007, 983, 233, 1097]
[890, 263, 1219, 257, 426, 816, 433, 1170, 901, 1010, 548, 1071, 133, 1342, 50, 967, 1064, 1220, 1113]
[1336, 1075, 765, 130, 94, 393, 49, 939, 812, 356, 1313, 1242, 1104, 147, 21, 1070, 1139, 9, 319]
[370, 1285, 294, 302, 492, 294, 799, 10, 691, 135, 123, 123, 1276, 237, 987, 1168, 1251, 728, 1033, 600, 426, 1277, 14, 1372, 552, 566, 888, 1099, 498, 9, 319, 822, 388]
[819, 1276, 1238, 368, 130, 1379, 1309, 1185, 445, 241, 501, 570, 393, 1046, 750, 398, 803, 468, 608, 402, 504, 809, 569, 63, 680, 63, 63, 1158, 734, 619, 83, 426, 389, 569, 1051, 552, 1201, 1033]
[508, 1246, 580, 1051, 1134, 389, 569, 426, 1277, 14, 580, 363, 1379, 508, 304, 122, 1279, 1043]
[819, 1304, 434, 465, 1276, 1169, 765, 130, 241, 501, 570, 393, 1046, 750, 398, 803, 468, 608, 402, 504, 809, 569, 1210, 680, 1158, 1158, 1158, 734, 619, 83, 426, 1234, 606, 74, 750, 1158, 468, 608, 959, 771, 1054, 1332, 859]
[263, 956, 1242, 1104, 947, 119, 580, 434, 434, 1276, 542, 1309, 392, 845, 703, 1010, 1381, 371, 1158, 1158, 734, 619, 83, 912, 319]
[363, 1379, 1379, 703, 1039, 543, 731, 697, 706, 453, 789, 1170, 699, 788, 1052, 965, 426, 149, 1415, 304, 50, 453, 789, 1170, 1332, 859]
[391, 39, 697, 679, 241, 501, 18, 629, 1046, 750, 398, 274, 468, 608, 402, 504, 1129, 825, 220, 697, 679, 992, 1134, 1337, 426, 328, 1022, 2, 1253, 1219, 133, 690, 873, 907, 1072, 63, 703]
[960, 9, 543, 731, 697, 706, 857, 702, 892, 536, 391, 1039, 426, 1242, 1290, 363, 1379, 1379, 489, 57, 975, 458]
[819, 1276, 434, 445, 240, 247, 958, 371, 44, 570, 393, 465, 819, 356, 893, 363, 765, 1276, 1242, 1022, 426, 1242, 1095, 356, 855, 457, 894, 1105, 728, 170]
[370, 1285, 1080, 657, 876, 447, 1053, 134, 937, 826, 1071, 133, 426, 891, 1255, 702, 228, 947, 134, 543, 826]
[370, 1285, 1010, 123, 123, 1238, 765, 893, 38, 368, 1185, 224, 1182, 1033, 422, 533, 333, 1139, 222, 191, 426, 1255, 391, 39, 1162, 1211, 303, 515]
[524, 524, 948, 1139, 1379, 547, 135, 570, 194, 2, 711, 426, 651, 549, 1336, 1075, 765, 130, 1033, 236, 1287, 924, 1339, 1039, 910, 41]
[816, 211, 650, 147, 1035, 74, 1248, 750, 468, 959, 557, 1288, 426, 1255, 1386, 1061, 910, 1344, 1333, 1220, 826]
[18, 629, 504, 1389, 1034, 1090, 1331, 266, 363, 765, 130, 542, 368, 434, 368, 426, 240, 839, 1033, 323, 114, 511, 1022, 567, 1333, 1186, 247, 122]
[970, 1383, 1178, 372, 504, 304, 634, 910, 1344, 48, 839, 233, 1097, 520, 19, 426, 9, 319, 21, 240, 430, 191, 1242, 1026, 1048, 694]
[84, 147, 356, 1317, 1158, 703, 283, 1358, 426, 50, 455, 200, 182, 531, 937, 9, 1311]
[259, 464, 213, 743, 1234, 992, 847, 11, 843, 579, 852, 1246, 1309, 1238, 7, 368, 893, 1105, 1276, 1304, 1388, 1388, 765, 565, 565]
[1372, 552, 1333, 1025, 1065, 783, 150, 1076, 40, 522, 1210, 468, 73, 959]
[1084, 187, 782, 234, 2, 586, 613, 570, 1025, 684, 740, 1033, 157]
[816, 910, 1407, 1326, 294, 947, 517, 743, 799, 328, 1106, 1111, 328, 1022, 576, 260, 426, 1332, 859, 421, 656, 370, 1285]
[1242, 149, 596, 1273, 158, 555, 516, 63, 468, 73, 959]
